MEME version 4

ALPHABET= ACGT

strands: + -

Background letter frequencies (from uniform background):
A 0.25000 C 0.25000 G 0.25000 T 0.25000 

MOTIF MOTIF 

letter-probability matrix: alength= 4 w= 15 nsites= 1404 E= 0
  0.311522	  0.422475	  0.050498	  0.215505	
  0.206847	  0.175464	  0.043509	  0.574180	
  0.054882	  0.044904	  0.146828	  0.753386	
  0.215505	  0.027027	  0.568279	  0.189189	
  0.150178	  0.003559	  0.787900	  0.058363	
  0.042023	  0.002137	  0.914530	  0.041311	
  0.177683	  0.027008	  0.772566	  0.022743	
  0.194583	  0.017819	  0.200285	  0.587313	
  0.223488	  0.140925	  0.610676	  0.024911	
  0.040598	  0.018519	  0.600427	  0.340456	
  0.096935	  0.762651	  0.102637	  0.037776	
  0.566024	  0.210564	  0.038544	  0.184868	
  0.613248	  0.047009	  0.256410	  0.083333	
  0.286121	  0.041281	  0.229181	  0.443416	
  0.355366	  0.074627	  0.415778	  0.154229	

